3.615868586155641107e-01 3.615844086681772596e-01 3.615810691442579161e-01 3.615777378887288229e-01 3.615753044781278569e-01 3.615744148942293679e-01 3.615753044781278569e-01 3.615777378887288229e-01 3.615810691442579161e-01 3.615844086681772596e-01 3.615868586155641107e-01 3.615877564678581235e-01 3.615844086681772596e-01 3.615820799220420545e-01 3.615789055343304748e-01 3.615757389216042728e-01 3.615734257254447082e-01 3.615725800771102394e-01 3.615734257254447082e-01 3.615757389216042728e-01 3.615789055343304748e-01 3.615820799220420545e-01 3.615844086681772596e-01 3.615852620915018800e-01 3.615810691442579161e-01 3.615789055343304748e-01 3.615759561484175877e-01 3.615730138702797913e-01 3.615708644759064172e-01 3.615700786939674005e-01 3.615708644759064172e-01 3.615730138702797913e-01 3.615759561484175877e-01 3.615789055343304748e-01 3.615810691442579161e-01 3.615818620339759648e-01 3.615777378887288229e-01 3.615757389216042728e-01 3.615730138702797913e-01 3.615702952673367498e-01 3.615683091969784102e-01 3.615675831075995106e-01 3.615683091969784102e-01 3.615702952673367498e-01 3.615730138702797913e-01 3.615757389216042728e-01 3.615777378887288229e-01 3.615784704264926042e-01 3.615753044781278569e-01 3.615734257254447082e-01 3.615708644759064172e-01 3.615683091969784102e-01 3.615664423855188270e-01 3.615657598840330000e-01 3.615664423855188270e-01 3.615683091969784102e-01 3.615708644759064172e-01 3.615734257254447082e-01 3.615753044781278569e-01 3.615759929502269654e-01 3.615744148942293679e-01 3.615725800771102394e-01 3.615700786939674005e-01 3.615675831075995106e-01 3.615657598840330000e-01 3.615650933135753919e-01 3.615657598840330000e-01 3.615675831075995106e-01 3.615700786939674005e-01 3.615725800771102394e-01 3.615744148942293679e-01 3.615750872614647560e-01 3.615753044781278569e-01 3.615734257254447082e-01 3.615708644759064172e-01 3.615683091969784102e-01 3.615664423855188270e-01 3.615657598840330000e-01 3.615664423855188270e-01 3.615683091969784102e-01 3.615708644759064172e-01 3.615734257254447082e-01 3.615753044781278569e-01 3.615759929502269654e-01 3.615777378887288229e-01 3.615757389216042728e-01 3.615730138702797913e-01 3.615702952673367498e-01 3.615683091969784102e-01 3.615675831075995106e-01 3.615683091969784102e-01 3.615702952673367498e-01 3.615730138702797913e-01 3.615757389216042728e-01 3.615777378887288229e-01 3.615784704264926042e-01 3.615810691442579161e-01 3.615789055343304748e-01 3.615759561484175877e-01 3.615730138702797913e-01 3.615708644759064172e-01 3.615700786939674005e-01 3.615708644759064172e-01 3.615730138702797913e-01 3.615759561484175877e-01 3.615789055343304748e-01 3.615810691442579161e-01 3.615818620339759648e-01 3.615844086681772596e-01 3.615820799220420545e-01 3.615789055343304748e-01 3.615757389216042728e-01 3.615734257254447082e-01 3.615725800771102394e-01 3.615734257254447082e-01 3.615757389216042728e-01 3.615789055343304748e-01 3.615820799220420545e-01 3.615844086681772596e-01 3.615852620915018800e-01 3.615868586155641107e-01 3.615844086681772596e-01 3.615810691442579161e-01 3.615777378887288229e-01 3.615753044781278569e-01 3.615744148942293679e-01 3.615753044781278569e-01 3.615777378887288229e-01 3.615810691442579161e-01 3.615844086681772596e-01 3.615868586155641107e-01 3.615877564678581235e-01 3.615877564678581235e-01 3.615852620915018800e-01 3.615818620339759648e-01 3.615784704264926042e-01 3.615759929502269654e-01 3.615750872614647560e-01 3.615759929502269654e-01 3.615784704264926042e-01 3.615818620339759648e-01 3.615852620915018800e-01 3.615877564678581235e-01 3.615886706066684386e-01
3.616398705200333241e-01 3.616349126212856091e-01 3.616281549390638617e-01 3.616214144853981960e-01 3.616164910437758562e-01 3.616146912437668282e-01 3.616164910437758562e-01 3.616214144853981960e-01 3.616281549390638617e-01 3.616349126212856091e-01 3.616398705200333241e-01 3.616416875486117011e-01 3.616349126212856091e-01 3.616302017462114660e-01 3.616237806004017896e-01 3.616173756403409656e-01 3.616126971367762954e-01 3.616109868509040925e-01 3.616126971367762954e-01 3.616173756403409656e-01 3.616237806004017896e-01 3.616302017462114660e-01 3.616349126212856091e-01 3.616366390929184882e-01 3.616281549390638617e-01 3.616237806004017896e-01 3.616178179498946155e-01 3.616118700757912086e-01 3.616075252899468295e-01 3.616059369648109700e-01 3.616075252899468295e-01 3.616118700757912641e-01 3.616178179498946155e-01 3.616237806004017896e-01 3.616281549390638617e-01 3.616297580406135359e-01 3.616214144853981960e-01 3.616173756403409656e-01 3.616118700757912086e-01 3.616063778957342434e-01 3.616023658196707569e-01 3.616008990886602215e-01 3.616023658196707569e-01 3.616063778957342434e-01 3.616118700757912641e-01 3.616173756403409656e-01 3.616214144853981960e-01 3.616228946009098499e-01 3.616164910437758562e-01 3.616126971367762954e-01 3.616075252899468295e-01 3.616023658196707569e-01 3.615985966657853101e-01 3.615972187156889506e-01 3.615985966657853101e-01 3.616023658196707569e-01 3.616075252899468295e-01 3.616126971367762954e-01 3.616164910437758562e-01 3.616178813704329364e-01 3.616146912437668282e-01 3.616109868509040925e-01 3.616059369648109700e-01 3.616008990886602215e-01 3.615972187156889506e-01 3.615958732126405839e-01 3.615972187156889506e-01 3.616008990886602215e-01 3.616059369648109700e-01 3.616109868509040925e-01 3.616146912437668282e-01 3.616160487567643411e-01 3.616164910437758562e-01 3.616126971367762954e-01 3.616075252899468295e-01 3.616023658196707569e-01 3.615985966657853101e-01 3.615972187156889506e-01 3.615985966657853101e-01 3.616023658196707569e-01 3.616075252899468295e-01 3.616126971367762954e-01 3.616164910437758562e-01 3.616178813704329364e-01 3.616214144853981960e-01 3.616173756403409656e-01 3.616118700757912086e-01 3.616063778957342434e-01 3.616023658196707569e-01 3.616008990886602215e-01 3.616023658196707569e-01 3.616063778957342434e-01 3.616118700757912086e-01 3.616173756403409656e-01 3.616214144853981960e-01 3.616228946009098499e-01 3.616281549390638617e-01 3.616237806004017896e-01 3.616178179498946710e-01 3.616118700757912086e-01 3.616075252899468295e-01 3.616059369648109700e-01 3.616075252899468295e-01 3.616118700757912086e-01 3.616178179498946710e-01 3.616237806004017896e-01 3.616281549390638617e-01 3.616297580406135359e-01 3.616349126212856091e-01 3.616302017462114660e-01 3.616237806004017896e-01 3.616173756403409656e-01 3.616126971367762954e-01 3.616109868509040925e-01 3.616126971367762954e-01 3.616173756403409656e-01 3.616237806004017896e-01 3.616302017462114660e-01 3.616349126212856091e-01 3.616366390929184882e-01 3.616398705200333241e-01 3.616349126212856091e-01 3.616281549390638617e-01 3.616214144853981960e-01 3.616164910437758562e-01 3.616146912437668282e-01 3.616164910437758562e-01 3.616214144853981960e-01 3.616281549390638617e-01 3.616349126212856091e-01 3.616398705200333241e-01 3.616416875486117011e-01 3.616416875486117011e-01 3.616366390929184882e-01 3.616297580406135359e-01 3.616228946009098499e-01 3.616178813704329364e-01 3.616160487567643411e-01 3.616178813704329364e-01 3.616228946009098499e-01 3.616297580406135359e-01 3.616366390929184882e-01 3.616416875486117011e-01 3.616435377748953850e-01
3.616942525571156808e-01 3.616866695359501338e-01 3.616763348579075110e-01 3.616660277752644648e-01 3.616584999449249938e-01 3.616557482586676420e-01 3.616584999449249938e-01 3.616660277752644648e-01 3.616763348579075110e-01 3.616866695359501338e-01 3.616942525571156808e-01 3.616970318387994765e-01 3.616866695359501338e-01 3.616794687533685382e-01 3.616696547427686870e-01 3.616598666207495594e-01 3.616527176153532808e-01 3.616501043605193644e-01 3.616527176153532808e-01 3.616598666207495594e-01 3.616696547427686870e-01 3.616794687533685382e-01 3.616866695359501338e-01 3.616893086793887546e-01 3.616763348579075110e-01 3.616696547427686870e-01 3.616605499783078215e-01 3.616514687974731190e-01 3.616448358496065496e-01 3.616424111768452576e-01 3.616448358496065496e-01 3.616514687974731190e-01 3.616605499783078770e-01 3.616696547427686870e-01 3.616763348579075110e-01 3.616787831143149501e-01 3.616660277752644648e-01 3.616598666207495594e-01 3.616514687974731190e-01 3.616430922834550921e-01 3.616369737474737223e-01 3.616347370585047960e-01 3.616369737474737223e-01 3.616430922834550921e-01 3.616514687974731190e-01 3.616598666207495594e-01 3.616660277752644648e-01 3.616682857735084022e-01 3.616584999449249938e-01 3.616527176153532808e-01 3.616448358496065496e-01 3.616369737474737223e-01 3.616312307451441388e-01 3.616291312910373534e-01 3.616312307451441388e-01 3.616369737474737223e-01 3.616448358496065496e-01 3.616527176153532808e-01 3.616584999449249938e-01 3.616606190626600048e-01 3.616557482586676420e-01 3.616501043605193644e-01 3.616424111768452576e-01 3.616347370585047960e-01 3.616291312910373534e-01 3.616270819883937726e-01 3.616291312910373534e-01 3.616347370585047960e-01 3.616424111768452576e-01 3.616501043605193644e-01 3.616557482586676420e-01 3.616578166266583017e-01 3.616584999449249938e-01 3.616527176153532808e-01 3.616448358496065496e-01 3.616369737474737223e-01 3.616312307451441388e-01 3.616291312910373534e-01 3.616312307451441388e-01 3.616369737474737223e-01 3.616448358496065496e-01 3.616527176153532808e-01 3.616584999449249938e-01 3.616606190626600048e-01 3.616660277752644648e-01 3.616598666207495594e-01 3.616514687974731190e-01 3.616430922834550921e-01 3.616369737474737223e-01 3.616347370585047960e-01 3.616369737474737223e-01 3.616430922834550921e-01 3.616514687974731190e-01 3.616598666207495594e-01 3.616660277752644648e-01 3.616682857735084022e-01 3.616763348579075110e-01 3.616696547427686870e-01 3.616605499783078215e-01 3.616514687974731190e-01 3.616448358496065496e-01 3.616424111768452576e-01 3.616448358496065496e-01 3.616514687974731190e-01 3.616605499783078215e-01 3.616696547427686870e-01 3.616763348579075110e-01 3.616787831143149501e-01 3.616866695359501338e-01 3.616794687533685382e-01 3.616696547427686870e-01 3.616598666207495594e-01 3.616527176153532808e-01 3.616501043605193644e-01 3.616527176153532808e-01 3.616598666207495594e-01 3.616696547427686870e-01 3.616794687533685382e-01 3.616866695359501338e-01 3.616893086793887546e-01 3.616942525571156808e-01 3.616866695359501338e-01 3.616763348579075110e-01 3.616660277752644648e-01 3.616584999449249938e-01 3.616557482586676420e-01 3.616584999449249938e-01 3.616660277752644648e-01 3.616763348579075110e-01 3.616866695359501338e-01 3.616942525571156808e-01 3.616970318387994765e-01 3.616970318387994765e-01 3.616893086793887546e-01 3.616787831143149501e-01 3.616682857735084022e-01 3.616606190626600048e-01 3.616578166266583017e-01 3.616606190626600048e-01 3.616682857735084022e-01 3.616787831143149501e-01 3.616893086793887546e-01 3.616970318387994765e-01 3.616998624990962474e-01
3.617507135098988469e-01 3.617403261563253980e-01 3.617261716079106515e-01 3.617120572456693495e-01 3.617017502644935267e-01 3.616979830212634917e-01 3.617017502644935267e-01 3.617120572456693495e-01 3.617261716079106515e-01 3.617403261563253980e-01 3.617507135098988469e-01 3.617545209393530081e-01 3.617403261563253980e-01 3.617304707761419547e-01 3.617170407007375688e-01 3.617036482565003097e-01 3.616938681386959731e-01 3.616902933994610159e-01 3.616938681386959731e-01 3.617036482565003097e-01 3.617170407007375688e-01 3.617304707761419547e-01 3.617403261563253980e-01 3.617439385267723906e-01 3.617261716079106515e-01 3.617170407007375688e-01 3.617045972840288171e-01 3.616921880513532250e-01 3.616831255122841537e-01 3.616798129644786530e-01 3.616831255122841537e-01 3.616921880513532250e-01 3.617045972840288171e-01 3.617170407007375688e-01 3.617261716079106515e-01 3.617295183397868930e-01 3.617120572456693495e-01 3.617036482565003097e-01 3.616921880513532250e-01 3.616807586325975210e-01 3.616724112162420512e-01 3.616693599674749016e-01 3.616724112162420512e-01 3.616807586325975210e-01 3.616921880513532250e-01 3.617036482565003097e-01 3.617120572456693495e-01 3.617151392808586330e-01 3.617017502644935267e-01 3.616938681386959731e-01 3.616831255122841537e-01 3.616724112162420512e-01 3.616645857512101880e-01 3.616617252216541289e-01 3.616645857512101880e-01 3.616724112162420512e-01 3.616831255122841537e-01 3.616938681386959731e-01 3.617017502644935267e-01 3.617046391244454484e-01 3.616979830212634917e-01 3.616902933994610159e-01 3.616798129644786530e-01 3.616693599674749016e-01 3.616617252216541289e-01 3.616589343809064050e-01 3.616617252216541289e-01 3.616693599674749016e-01 3.616798129644786530e-01 3.616902933994610159e-01 3.616979830212634917e-01 3.617008013000143629e-01 3.617017502644935267e-01 3.616938681386959731e-01 3.616831255122841537e-01 3.616724112162420512e-01 3.616645857512101880e-01 3.616617252216541289e-01 3.616645857512101880e-01 3.616724112162420512e-01 3.616831255122841537e-01 3.616938681386959731e-01 3.617017502644935267e-01 3.617046391244454484e-01 3.617120572456693495e-01 3.617036482565003097e-01 3.616921880513532250e-01 3.616807586325975210e-01 3.616724112162420512e-01 3.616693599674749016e-01 3.616724112162420512e-01 3.616807586325975210e-01 3.616921880513532250e-01 3.617036482565003097e-01 3.617120572456693495e-01 3.617151392808586330e-01 3.617261716079106515e-01 3.617170407007375688e-01 3.617045972840288171e-01 3.616921880513532250e-01 3.616831255122841537e-01 3.616798129644786530e-01 3.616831255122841537e-01 3.616921880513532250e-01 3.617045972840288171e-01 3.617170407007375688e-01 3.617261716079106515e-01 3.617295183397868930e-01 3.617403261563253980e-01 3.617304707761419547e-01 3.617170407007375688e-01 3.617036482565003097e-01 3.616938681386959731e-01 3.616902933994610159e-01 3.616938681386959731e-01 3.617036482565003097e-01 3.617170407007375688e-01 3.617304707761419547e-01 3.617403261563253980e-01 3.617439385267723906e-01 3.617507135098988469e-01 3.617403261563253980e-01 3.617261716079106515e-01 3.617120572456693495e-01 3.617017502644935267e-01 3.616979830212634917e-01 3.617017502644935267e-01 3.617120572456693495e-01 3.617261716079106515e-01 3.617403261563253980e-01 3.617507135098988469e-01 3.617545209393530081e-01 3.617545209393530081e-01 3.617439385267723906e-01 3.617295183397868930e-01 3.617151392808586330e-01 3.617046391244454484e-01 3.617008013000143629e-01 3.617046391244454484e-01 3.617151392808586330e-01 3.617295183397868930e-01 3.617439385267723906e-01 3.617545209393530081e-01 3.617583998918941779e-01
3.618099929791454006e-01 3.617965556117676562e-01 3.617782483721757592e-01 3.617599971178955265e-01 3.617466717212338145e-01 3.617418017718767587e-01 3.617466717212338145e-01 3.617599971178955265e-01 3.617782483721757592e-01 3.617965556117676562e-01 3.618099929791454006e-01 3.618149189139067690e-01 3.617965556117676562e-01 3.617838201549255506e-01 3.617664685544659253e-01 3.617491692641625067e-01 3.617365384277146378e-01 3.617319222141880952e-01 3.617365384277146378e-01 3.617491692641625067e-01 3.617664685544659253e-01 3.617838201549255506e-01 3.617965556117676562e-01 3.618012241355321179e-01 3.617782483721757592e-01 3.617664685544659253e-01 3.617504180843410522e-01 3.617344149712662937e-01 3.617227298677244129e-01 3.617184591548738282e-01 3.617227298677244129e-01 3.617344149712662937e-01 3.617504180843410522e-01 3.617664685544659253e-01 3.617782483721757592e-01 3.617825664421442378e-01 3.617599971178955265e-01 3.617491692641625067e-01 3.617344149712662937e-01 3.617197031595433265e-01 3.617089602682119209e-01 3.617050337776223090e-01 3.617089602682119209e-01 3.617197031595433265e-01 3.617344149712662937e-01 3.617491692641625067e-01 3.617599971178955265e-01 3.617639660897134513e-01 3.617466717212338145e-01 3.617365384277146378e-01 3.617227298677244129e-01 3.617089602682119209e-01 3.616989048956946728e-01 3.616952295841026621e-01 3.616989048956946728e-01 3.617089602682119209e-01 3.617227298677244129e-01 3.617365384277146378e-01 3.617466717212338145e-01 3.617503859933500210e-01 3.617418017718767587e-01 3.617319222141880952e-01 3.617184591548738282e-01 3.617050337776223090e-01 3.616952295841026621e-01 3.616916460396035760e-01 3.616952295841026621e-01 3.617050337776223090e-01 3.617184591548738282e-01 3.617319222141880952e-01 3.617418017718767587e-01 3.617454229984821135e-01 3.617466717212338145e-01 3.617365384277146378e-01 3.617227298677244129e-01 3.617089602682119209e-01 3.616989048956946728e-01 3.616952295841026621e-01 3.616989048956946728e-01 3.617089602682119209e-01 3.617227298677244129e-01 3.617365384277146378e-01 3.617466717212338145e-01 3.617503859933500210e-01 3.617599971178955265e-01 3.617491692641625067e-01 3.617344149712662937e-01 3.617197031595433265e-01 3.617089602682119209e-01 3.617050337776223090e-01 3.617089602682119209e-01 3.617197031595433265e-01 3.617344149712662937e-01 3.617491692641625067e-01 3.617599971178955265e-01 3.617639660897134513e-01 3.617782483721757592e-01 3.617664685544659253e-01 3.617504180843410522e-01 3.617344149712662937e-01 3.617227298677244129e-01 3.617184591548738282e-01 3.617227298677244129e-01 3.617344149712662937e-01 3.617504180843410522e-01 3.617664685544659253e-01 3.617782483721757592e-01 3.617825664421442378e-01 3.617965556117676562e-01 3.617838201549255506e-01 3.617664685544659253e-01 3.617491692641625067e-01 3.617365384277146378e-01 3.617319222141880952e-01 3.617365384277146378e-01 3.617491692641625067e-01 3.617664685544659253e-01 3.617838201549255506e-01 3.617965556117676562e-01 3.618012241355321179e-01 3.618099929791454006e-01 3.617965556117676562e-01 3.617782483721757592e-01 3.617599971178955265e-01 3.617466717212338145e-01 3.617418017718767587e-01 3.617466717212338145e-01 3.617599971178955265e-01 3.617782483721757592e-01 3.617965556117676562e-01 3.618099929791454006e-01 3.618149189139067690e-01 3.618149189139067690e-01 3.618012241355321179e-01 3.617825664421442378e-01 3.617639660897134513e-01 3.617503859933500210e-01 3.617454229984821135e-01 3.617503859933500210e-01 3.617639660897134513e-01 3.617825664421442378e-01 3.618012241355321179e-01 3.618149189139067690e-01 3.618199392498285816e-01
3.618728726360633252e-01 3.618560669908452709e-01 3.618331761579600681e-01 3.618103615467136991e-01 3.617937083449400126e-01 3.617876230362847556e-01 3.617937083449400126e-01 3.618103615467136991e-01 3.618331761579600681e-01 3.618560669908452709e-01 3.618728726360633252e-01 3.618790341665241161e-01 3.618560669908452709e-01 3.618401598539560116e-01 3.618184919089812990e-01 3.617968950033574327e-01 3.617811299453160823e-01 3.617753690280156031e-01 3.617811299453160823e-01 3.617968950033574327e-01 3.618184919089812990e-01 3.618401598539560116e-01 3.618560669908452709e-01 3.618618989476428127e-01 3.618331761579600681e-01 3.618184919089812990e-01 3.617984884063399353e-01 3.617785489669559373e-01 3.617639928446125253e-01 3.617586734971109386e-01 3.617639928446125253e-01 3.617785489669559373e-01 3.617984884063399353e-01 3.618184919089812990e-01 3.618331761579600681e-01 3.618385595688395351e-01 3.618103615467136991e-01 3.617968950033574327e-01 3.617785489669559373e-01 3.617602601359715120e-01 3.617469080035463636e-01 3.617420284312369283e-01 3.617469080035463636e-01 3.617602601359715120e-01 3.617785489669559373e-01 3.617968950033574327e-01 3.618103615467136991e-01 3.618152983245371268e-01 3.617937083449400126e-01 3.617811299453160823e-01 3.617639928446125253e-01 3.617469080035463636e-01 3.617344341232782701e-01 3.617298753531045796e-01 3.617344341232782701e-01 3.617469080035463636e-01 3.617639928446125253e-01 3.617811299453160823e-01 3.617937083449400126e-01 3.617983193748321447e-01 3.617876230362847556e-01 3.617753690280156031e-01 3.617586734971109386e-01 3.617420284312369283e-01 3.617298753531045796e-01 3.617254337649933316e-01 3.617298753531045796e-01 3.617420284312369283e-01 3.617586734971109386e-01 3.617753690280156031e-01 3.617876230362847556e-01 3.617921150895022087e-01 3.617937083449400126e-01 3.617811299453160823e-01 3.617639928446125253e-01 3.617469080035463636e-01 3.617344341232782701e-01 3.617298753531045796e-01 3.617344341232782701e-01 3.617469080035463636e-01 3.617639928446125253e-01 3.617811299453160823e-01 3.617937083449400126e-01 3.617983193748321447e-01 3.618103615467136991e-01 3.617968950033574327e-01 3.617785489669559373e-01 3.617602601359715120e-01 3.617469080035463636e-01 3.617420284312369283e-01 3.617469080035463636e-01 3.617602601359715120e-01 3.617785489669559373e-01 3.617968950033574327e-01 3.618103615467136991e-01 3.618152983245371268e-01 3.618331761579600681e-01 3.618184919089812990e-01 3.617984884063399353e-01 3.617785489669559373e-01 3.617639928446125253e-01 3.617586734971109386e-01 3.617639928446125253e-01 3.617785489669559373e-01 3.617984884063399353e-01 3.618184919089812990e-01 3.618331761579600681e-01 3.618385595688395351e-01 3.618560669908452709e-01 3.618401598539560116e-01 3.618184919089812990e-01 3.617968950033574327e-01 3.617811299453160823e-01 3.617753690280156031e-01 3.617811299453160823e-01 3.617968950033574327e-01 3.618184919089812990e-01 3.618401598539560116e-01 3.618560669908452709e-01 3.618618989476428127e-01 3.618728726360633252e-01 3.618560669908452709e-01 3.618331761579600681e-01 3.618103615467136991e-01 3.617937083449400126e-01 3.617876230362847556e-01 3.617937083449400126e-01 3.618103615467136991e-01 3.618331761579600681e-01 3.618560669908452709e-01 3.618728726360633252e-01 3.618790341665241161e-01 3.618790341665241161e-01 3.618618989476428127e-01 3.618385595688395351e-01 3.618152983245371268e-01 3.617983193748321447e-01 3.617921150895022087e-01 3.617983193748321447e-01 3.618152983245371268e-01 3.618385595688395351e-01 3.618618989476428127e-01 3.618790341665241161e-01 3.618853165865294486e-01
3.619401882087101008e-01 3.619196154837237556e-01 3.618916015036974798e-01 3.618636899876937485e-01 3.618433221910496433e-01 3.618358807479972183e-01 3.618433221910496433e-01 3.618636899876937485e-01 3.618916015036974798e-01 3.619196154837237556e-01 3.619401882087101008e-01 3.619477321160822769e-01 3.619196154837237556e-01 3.619001720115072041e-01 3.618736943427817154e-01 3.618473119077231237e-01 3.618280589030998251e-01 3.618210245375629852e-01 3.618280589030998251e-01 3.618473119077231237e-01 3.618736943427817154e-01 3.619001720115072041e-01 3.619196154837237556e-01 3.619267450831869515e-01 3.618916015036974798e-01 3.618736943427817154e-01 3.618493068764546128e-01 3.618250049231409027e-01 3.618072687884638650e-01 3.618007883387512336e-01 3.618072687884638650e-01 3.618250049231409027e-01 3.618493068764546128e-01 3.618736943427817154e-01 3.618916015036974798e-01 3.618981674666354453e-01 3.618636899876937485e-01 3.618473119077231237e-01 3.618250049231409027e-01 3.618027739100296292e-01 3.617865477731695423e-01 3.617806187476160229e-01 3.617865477731695423e-01 3.618027739100296292e-01 3.618250049231409027e-01 3.618473119077231237e-01 3.618636899876937485e-01 3.618696949848869138e-01 3.618433221910496433e-01 3.618280589030998251e-01 3.618072687884638650e-01 3.617865477731695423e-01 3.617714226840427760e-01 3.617658957526644903e-01 3.617714226840427760e-01 3.617865477731695423e-01 3.618072687884638650e-01 3.618280589030998251e-01 3.618433221910496433e-01 3.618489182219093436e-01 3.618358807479972183e-01 3.618210245375629852e-01 3.618007883387512336e-01 3.617806187476160229e-01 3.617658957526644903e-01 3.617605156653654896e-01 3.617658957526644903e-01 3.617806187476160229e-01 3.618007883387512336e-01 3.618210245375629852e-01 3.618358807479972183e-01 3.618413274431023785e-01 3.618433221910496433e-01 3.618280589030998251e-01 3.618072687884639205e-01 3.617865477731695423e-01 3.617714226840427760e-01 3.617658957526644903e-01 3.617714226840427760e-01 3.617865477731695423e-01 3.618072687884638650e-01 3.618280589030998251e-01 3.618433221910496433e-01 3.618489182219093436e-01 3.618636899876937485e-01 3.618473119077231237e-01 3.618250049231409027e-01 3.618027739100296292e-01 3.617865477731695423e-01 3.617806187476160229e-01 3.617865477731695423e-01 3.618027739100296292e-01 3.618250049231409027e-01 3.618473119077231237e-01 3.618636899876937485e-01 3.618696949848869138e-01 3.618916015036974798e-01 3.618736943427817154e-01 3.618493068764546128e-01 3.618250049231409027e-01 3.618072687884639205e-01 3.618007883387512336e-01 3.618072687884638650e-01 3.618250049231409027e-01 3.618493068764546128e-01 3.618736943427817154e-01 3.618916015036974798e-01 3.618981674666354453e-01 3.619196154837237556e-01 3.619001720115072041e-01 3.618736943427817154e-01 3.618473119077231237e-01 3.618280589030998251e-01 3.618210245375629852e-01 3.618280589030998251e-01 3.618473119077231237e-01 3.618736943427817154e-01 3.619001720115072041e-01 3.619196154837237556e-01 3.619267450831869515e-01 3.619401882087101008e-01 3.619196154837237556e-01 3.618916015036974798e-01 3.618636899876937485e-01 3.618433221910496433e-01 3.618358807479972183e-01 3.618433221910496433e-01 3.618636899876937485e-01 3.618916015036974798e-01 3.619196154837237556e-01 3.619401882087101008e-01 3.619477321160822769e-01 3.619477321160822769e-01 3.619267450831869515e-01 3.618981674666354453e-01 3.618696949848869138e-01 3.618489182219093436e-01 3.618413274431023785e-01 3.618489182219093436e-01 3.618696949848869138e-01 3.618981674666354453e-01 3.619267450831869515e-01 3.619477321160822769e-01 3.619554280300038007e-01
3.620128424207270101e-01 3.619880132594672228e-01 3.619542146467376598e-01 3.619205527769032704e-01 3.618959971019602984e-01 3.618870273599709142e-01 3.618959971019602984e-01 3.619205527769032704e-01 3.619542146467376598e-01 3.619880132594672228e-01 3.620128424207270101e-01 3.620219489061379803e-01 3.619880132594672228e-01 3.619645870490522666e-01 3.619326961944466237e-01 3.619009320549484987e-01 3.618777592752058792e-01 3.618692943709317933e-01 3.618777592752058792e-01 3.619009320549484987e-01 3.619326961944466237e-01 3.619645870490522666e-01 3.619880132594672228e-01 3.619966048793060720e-01 3.619542146467376598e-01 3.619326961944466237e-01 3.619033996953736620e-01 3.618742164484155532e-01 3.618529245007243156e-01 3.618451462333882596e-01 3.618529245007243156e-01 3.618742164484155532e-01 3.619033996953736620e-01 3.619326961944466237e-01 3.619542146467376598e-01 3.619621061665587169e-01 3.619205527769032704e-01 3.619009320549484987e-01 3.618742164484155532e-01 3.618476009004978899e-01 3.618281802960654492e-01 3.618210852281469325e-01 3.618281802960654492e-01 3.618476009004978899e-01 3.618742164484155532e-01 3.619009320549484987e-01 3.619205527769032704e-01 3.619277479037288359e-01 3.618959971019602984e-01 3.618777592752058792e-01 3.618529245007243156e-01 3.618281802960654492e-01 3.618101236091957329e-01 3.618035265039332149e-01 3.618101236091957329e-01 3.618281802960654492e-01 3.618529245007243156e-01 3.618777592752058792e-01 3.618959971019602984e-01 3.619026847772847111e-01 3.618870273599709142e-01 3.618692943709317933e-01 3.618451462333882596e-01 3.618210852281469325e-01 3.618035265039332149e-01 3.617971112070396122e-01 3.618035265039332149e-01 3.618210852281469325e-01 3.618451462333882596e-01 3.618692943709317933e-01 3.618870273599709142e-01 3.618935297893877134e-01 3.618959971019602984e-01 3.618777592752058792e-01 3.618529245007243156e-01 3.618281802960654492e-01 3.618101236091957329e-01 3.618035265039332149e-01 3.618101236091957329e-01 3.618281802960654492e-01 3.618529245007243156e-01 3.618777592752058792e-01 3.618959971019602984e-01 3.619026847772847111e-01 3.619205527769032704e-01 3.619009320549484987e-01 3.618742164484155532e-01 3.618476009004979455e-01 3.618281802960654492e-01 3.618210852281469325e-01 3.618281802960654492e-01 3.618476009004978899e-01 3.618742164484155532e-01 3.619009320549484987e-01 3.619205527769032704e-01 3.619277479037288359e-01 3.619542146467376598e-01 3.619326961944466237e-01 3.619033996953736620e-01 3.618742164484155532e-01 3.618529245007243156e-01 3.618451462333882596e-01 3.618529245007243156e-01 3.618742164484155532e-01 3.619033996953736620e-01 3.619326961944466237e-01 3.619542146467376598e-01 3.619621061665587169e-01 3.619880132594672228e-01 3.619645870490522666e-01 3.619326961944466237e-01 3.619009320549484987e-01 3.618777592752058792e-01 3.618692943709317933e-01 3.618777592752058792e-01 3.619009320549484987e-01 3.619326961944466237e-01 3.619645870490522666e-01 3.619880132594672228e-01 3.619966048793060720e-01 3.620128424207270101e-01 3.619880132594672228e-01 3.619542146467376598e-01 3.619205527769032704e-01 3.618959971019602984e-01 3.618870273599709142e-01 3.618959971019602984e-01 3.619205527769032704e-01 3.619542146467376598e-01 3.619880132594672228e-01 3.620128424207270101e-01 3.620219489061379803e-01 3.620219489061379803e-01 3.619966048793060720e-01 3.619621061665587169e-01 3.619277479037288359e-01 3.619026847772847111e-01 3.618935297893877134e-01 3.619026847772847111e-01 3.619277479037288359e-01 3.619621061665587169e-01 3.619966048793060720e-01 3.620219489061379803e-01 3.620312443445053430e-01
3.620918191200267477e-01 3.620621412569445807e-01 3.620217582582989091e-01 3.619815569666553490e-01 3.619522425185063841e-01 3.619415369356855927e-01 3.619522425185063841e-01 3.619815569666553490e-01 3.620217582582989091e-01 3.620621412569445807e-01 3.620918191200267477e-01 3.621027064107786297e-01 3.620621412569445807e-01 3.620341934714561005e-01 3.619961617625661043e-01 3.619582979022300528e-01 3.619306858146518757e-01 3.619206014925978043e-01 3.619306858146518757e-01 3.619582979022300528e-01 3.619961617625661043e-01 3.620341934714561005e-01 3.620621412569445807e-01 3.620723934283550105e-01 3.620217582582989091e-01 3.619961617625661043e-01 3.619613258362545105e-01 3.619266391802736793e-01 3.619013412258464402e-01 3.618921014595536390e-01 3.619013412258464402e-01 3.619266391802736793e-01 3.619613258362545105e-01 3.619961617625661043e-01 3.620217582582989091e-01 3.620311472955664023e-01 3.619815569666553490e-01 3.619582979022300528e-01 3.619266391802736793e-01 3.618951115542016761e-01 3.618721146820466084e-01 3.618637147478384608e-01 3.618721146820466084e-01 3.618951115542016761e-01 3.619266391802736793e-01 3.619582979022300528e-01 3.619815569666553490e-01 3.619900879972494101e-01 3.619522425185063841e-01 3.619306858146518757e-01 3.619013412258464402e-01 3.618721146820466084e-01 3.618507940686105928e-01 3.618430059477829586e-01 3.618507940686105928e-01 3.618721146820466084e-01 3.619013412258464402e-01 3.619306858146518757e-01 3.619522425185063841e-01 3.619601486847466854e-01 3.619415369356855927e-01 3.619206014925978043e-01 3.618921014595536390e-01 3.618637147478384608e-01 3.618430059477829586e-01 3.618354411363818302e-01 3.618430059477829586e-01 3.618637147478384608e-01 3.618921014595536390e-01 3.619206014925978043e-01 3.619415369356855927e-01 3.619492150687900756e-01 3.619522425185063841e-01 3.619306858146518757e-01 3.619013412258464402e-01 3.618721146820466084e-01 3.618507940686105928e-01 3.618430059477829586e-01 3.618507940686105928e-01 3.618721146820466084e-01 3.619013412258464402e-01 3.619306858146518757e-01 3.619522425185063841e-01 3.619601486847466854e-01 3.619815569666554045e-01 3.619582979022300528e-01 3.619266391802736793e-01 3.618951115542016761e-01 3.618721146820466084e-01 3.618637147478384608e-01 3.618721146820466084e-01 3.618951115542016761e-01 3.619266391802736793e-01 3.619582979022300528e-01 3.619815569666553490e-01 3.619900879972494101e-01 3.620217582582989091e-01 3.619961617625661043e-01 3.619613258362545105e-01 3.619266391802736793e-01 3.619013412258464402e-01 3.618921014595536390e-01 3.619013412258464402e-01 3.619266391802736793e-01 3.619613258362545105e-01 3.619961617625661043e-01 3.620217582582989091e-01 3.620311472955664023e-01 3.620621412569445807e-01 3.620341934714561005e-01 3.619961617625661043e-01 3.619582979022300528e-01 3.619306858146518757e-01 3.619206014925978043e-01 3.619306858146518757e-01 3.619582979022300528e-01 3.619961617625661043e-01 3.620341934714561005e-01 3.620621412569445807e-01 3.620723934283550105e-01 3.620918191200267477e-01 3.620621412569445807e-01 3.620217582582989091e-01 3.619815569666554045e-01 3.619522425185063841e-01 3.619415369356855927e-01 3.619522425185063841e-01 3.619815569666553490e-01 3.620217582582989091e-01 3.620621412569445807e-01 3.620918191200267477e-01 3.621027064107786297e-01 3.621027064107786297e-01 3.620723934283550105e-01 3.620311472955664023e-01 3.619900879972494101e-01 3.619601486847466854e-01 3.619492150687900756e-01 3.619601486847466854e-01 3.619900879972494101e-01 3.620311472955664023e-01 3.620723934283550105e-01 3.621027064107786297e-01 3.621138268621844625e-01
3.621781988589957701e-01 3.621429620831948526e-01 3.620950368577112721e-01 3.620473524596014014e-01 3.620125973401829289e-01 3.619999082036922111e-01 3.620125973401829289e-01 3.620473524596014014e-01 3.620950368577112721e-01 3.621429620831948526e-01 3.621781988589957701e-01 3.621911288244953342e-01 3.621429620831948526e-01 3.621098484990958322e-01 3.620648069963920967e-01 3.620199872109786110e-01 3.619873170628642445e-01 3.619753885348556133e-01 3.619873170628642445e-01 3.620199872109786110e-01 3.620648069963920967e-01 3.621098484990958322e-01 3.621429620831948526e-01 3.621551123298978880e-01 3.620950368577112721e-01 3.620648069963920967e-01 3.620236825027693950e-01 3.619827541492486866e-01 3.619529165692503270e-01 3.619420214274607916e-01 3.619529165692503270e-01 3.619827541492486866e-01 3.620236825027693950e-01 3.620648069963920967e-01 3.620950368577112721e-01 3.621061281407195187e-01 3.620473524596014014e-01 3.620199872109786110e-01 3.619827541492486866e-01 3.619456922537434007e-01 3.619186693384294773e-01 3.619088011092014279e-01 3.619186693384294773e-01 3.619456922537434007e-01 3.619827541492486866e-01 3.620199872109786110e-01 3.620473524596014014e-01 3.620573918559136239e-01 3.620125973401829289e-01 3.619873170628642445e-01 3.619529165692503270e-01 3.619186693384294773e-01 3.618936955873868211e-01 3.618845750192674071e-01 3.618936955873868211e-01 3.619186693384294773e-01 3.619529165692503270e-01 3.619873170628642445e-01 3.620125973401829289e-01 3.620218711717853033e-01 3.619999082036922111e-01 3.619753885348556133e-01 3.619420214274607916e-01 3.619088011092014279e-01 3.618845750192674071e-01 3.618757272515788492e-01 3.618845750192674071e-01 3.619088011092014279e-01 3.619420214274607916e-01 3.619753885348556133e-01 3.619999082036922111e-01 3.620089027611477772e-01 3.620125973401829289e-01 3.619873170628642445e-01 3.619529165692503270e-01 3.619186693384294773e-01 3.618936955873868211e-01 3.618845750192674071e-01 3.618936955873868211e-01 3.619186693384294773e-01 3.619529165692503270e-01 3.619873170628642445e-01 3.620125973401829289e-01 3.620218711717853033e-01 3.620473524596014014e-01 3.620199872109786110e-01 3.619827541492486866e-01 3.619456922537434562e-01 3.619186693384294773e-01 3.619088011092014279e-01 3.619186693384294773e-01 3.619456922537434562e-01 3.619827541492486866e-01 3.620199872109786110e-01 3.620473524596014014e-01 3.620573918559136239e-01 3.620950368577112721e-01 3.620648069963921523e-01 3.620236825027693950e-01 3.619827541492486866e-01 3.619529165692503270e-01 3.619420214274607916e-01 3.619529165692503270e-01 3.619827541492486866e-01 3.620236825027693950e-01 3.620648069963921523e-01 3.620950368577112721e-01 3.621061281407195187e-01 3.621429620831948526e-01 3.621098484990958322e-01 3.620648069963921523e-01 3.620199872109786110e-01 3.619873170628642445e-01 3.619753885348556133e-01 3.619873170628642445e-01 3.620199872109786110e-01 3.620648069963920967e-01 3.621098484990958322e-01 3.621429620831948526e-01 3.621551123298978880e-01 3.621781988589957701e-01 3.621429620831948526e-01 3.620950368577112721e-01 3.620473524596014014e-01 3.620125973401829289e-01 3.619999082036922111e-01 3.620125973401829289e-01 3.620473524596014014e-01 3.620950368577112721e-01 3.621429620831948526e-01 3.621781988589957701e-01 3.621911288244953342e-01 3.621911288244953342e-01 3.621551123298978880e-01 3.621061281407195187e-01 3.620573918559136239e-01 3.620218711717853033e-01 3.620089027611477772e-01 3.620218711717853033e-01 3.620573918559136239e-01 3.621061281407195187e-01 3.621551123298978880e-01 3.621911288244953342e-01 3.622043451412294557e-01
3.622731762171993997e-01 3.622315342314451070e-01 3.621749270244384311e-01 3.621186384814841785e-01 3.620776338267077676e-01 3.620626675527120475e-01 3.620776338267077676e-01 3.621186384814841785e-01 3.621749270244384311e-01 3.622315342314451070e-01 3.622731762171993997e-01 3.622884611581205783e-01 3.622315342314451070e-01 3.621924896832119378e-01 3.621394077567483549e-01 3.620866181812642526e-01 3.620481583374426937e-01 3.620341200294841522e-01 3.620481583374426937e-01 3.620866181812642526e-01 3.621394077567483549e-01 3.621924896832119378e-01 3.622315342314451070e-01 3.622458648928357783e-01 3.621749270244384311e-01 3.621394077567483549e-01 3.620911108815714763e-01 3.620430712010020424e-01 3.620080663244583663e-01 3.619952879455136663e-01 3.620080663244583663e-01 3.620430712010020424e-01 3.620911108815714763e-01 3.621394077567483549e-01 3.621749270244384311e-01 3.621879625999221419e-01 3.621186384814841785e-01 3.620866181812642526e-01 3.620430712010020424e-01 3.619997471587810267e-01 3.619681727361126478e-01 3.619566454319030346e-01 3.619681727361126478e-01 3.619997471587810267e-01 3.620430712010020424e-01 3.620866181812642526e-01 3.621186384814841785e-01 3.621303887252040332e-01 3.620776338267077676e-01 3.620481583374426937e-01 3.620080663244583663e-01 3.619681727361126478e-01 3.619390940972901372e-01 3.619284770504559989e-01 3.619390940972901372e-01 3.619681727361126478e-01 3.620080663244583663e-01 3.620481583374426937e-01 3.620776338267077676e-01 3.620884492993457493e-01 3.620626675527120475e-01 3.620341200294841522e-01 3.619952879455136663e-01 3.619566454319030346e-01 3.619284770504559989e-01 3.619181920021841692e-01 3.619284770504559989e-01 3.619566454319030346e-01 3.619952879455136663e-01 3.620341200294841522e-01 3.620626675527120475e-01 3.620731421724049381e-01 3.620776338267077676e-01 3.620481583374426937e-01 3.620080663244583663e-01 3.619681727361126478e-01 3.619390940972901372e-01 3.619284770504559989e-01 3.619390940972901372e-01 3.619681727361126478e-01 3.620080663244583663e-01 3.620481583374426937e-01 3.620776338267077676e-01 3.620884492993457493e-01 3.621186384814841785e-01 3.620866181812643081e-01 3.620430712010020424e-01 3.619997471587810822e-01 3.619681727361126478e-01 3.619566454319030346e-01 3.619681727361126478e-01 3.619997471587810822e-01 3.620430712010020424e-01 3.620866181812642526e-01 3.621186384814841785e-01 3.621303887252040332e-01 3.621749270244384311e-01 3.621394077567483549e-01 3.620911108815714763e-01 3.620430712010020424e-01 3.620080663244583663e-01 3.619952879455136663e-01 3.620080663244583663e-01 3.620430712010020424e-01 3.620911108815714763e-01 3.621394077567483549e-01 3.621749270244384311e-01 3.621879625999221419e-01 3.622315342314451070e-01 3.621924896832119378e-01 3.621394077567483549e-01 3.620866181812643081e-01 3.620481583374426937e-01 3.620341200294841522e-01 3.620481583374426937e-01 3.620866181812642526e-01 3.621394077567483549e-01 3.621924896832119378e-01 3.622315342314451070e-01 3.622458648928357783e-01 3.622731762171993997e-01 3.622315342314451070e-01 3.621749270244384311e-01 3.621186384814841785e-01 3.620776338267077676e-01 3.620626675527120475e-01 3.620776338267077676e-01 3.621186384814841785e-01 3.621749270244384311e-01 3.622315342314451070e-01 3.622731762171993997e-01 3.622884611581205783e-01 3.622884611581205783e-01 3.622458648928357783e-01 3.621879625999221419e-01 3.621303887252040332e-01 3.620884492993457493e-01 3.620731421724049381e-01 3.620884492993457493e-01 3.621303887252040332e-01 3.621879625999221419e-01 3.622458648928357783e-01 3.622884611581205783e-01 3.623040967062923223e-01
